DSJC1000.1	1000	99258	24	0
DSJC1000.5	1000	499652	107	1
DSJC1000.9	1000	898898	290	3
DSJC125.1	125	1472	6	0
DSJC125.5	125	7782	21	0
DSJC125.9	125	13922	51	0
DSJC250.1	250	6436	9	0
DSJC250.5	250	31336	35	0
DSJC250.9	250	55794	86	0
DSJC500.1	500	24916	15	0
DSJC500.5	500	125248	60	0
DSJC500.9	500	224874	157	0
DSJR500.1	500	7110	12	0
DSJR500.1c	500	242550	91	1
DSJR500.5	500	117724	133	0
flat1000_50_0	1000	245000	107	0
flat1000_60_0	1000	245830	107	1
flat1000_76_0	1000	246708	107	1
flat300_20_0	300	21375	38	0
flat300_26_0	300	21633	40	0
flat300_28_0	300	21695	39	0
fpsol2.i.1	496	11654	65	0
fpsol2.i.2	451	8691	30	0
fpsol2.i.3	425	8688	30	0
inithx.i.1	864	18707	54	0
inithx.i.2	645	13979	31	0
inithx.i.3	621	13969	31	0
latin_square_10	900	307350	128	1
le450_15a	450	8168	16	0
le450_15b	450	8169	17	0
le450_15c	450	16680	23	0
le450_15d	450	16750	23	0
le450_25a	450	8260	25	0
le450_25b	450	8263	25	0
le450_25c	450	17343	28	0
le450_25d	450	17425	28	0
le450_5a	450	5714	7	0
le450_5b	450	5734	7	0
le450_5c	450	9803	5	0
le450_5d	450	9757	7	0
mulsol.i.1	197	3925	49	0
mulsol.i.2	188	3885	31	0
mulsol.i.3	184	3916	31	0
mulsol.i.4	185	3946	31	0
mulsol.i.5	186	3973	31	0
school1	385	19095	26	0
school1_nsh	352	14612	25	0
zeroin.i.1	211	4100	49	0
zeroin.i.2	211	3541	30	0
zeroin.i.3	206	3540	30	0
