DSJC1000.1	1000	99258	22	138
DSJC1000.5	1000	499652	98	574
DSJC1000.9	1000	898898	239	2404
DSJC125.1	125	1472	5	15
DSJC125.5	125	7782	19	5
DSJC125.9	125	13922	44	10
DSJC250.1	250	6436	8	41
DSJC250.5	250	31336	29	63
DSJC250.9	250	55794	72	104
DSJC500.1	500	24916	13	79
DSJC500.5	500	125248	53	384
DSJC500.9	500	224874	133	347
DSJR500.1	500	7110	12	32
DSJR500.1c	500	242550	85	241
DSJR500.5	500	117724	127	182
flat1000_50_0	1000	245000	50	4191
flat1000_60_0	1000	245830	60	2096
flat1000_76_0	1000	246708	97	567
flat300_20_0	300	21375	20	105
flat300_26_0	300	21633	26	81
flat300_28_0	300	21695	32	55
fpsol2.i.1	496	11654	65	19
fpsol2.i.2	451	8691	30	17
fpsol2.i.3	425	8688	30	16
inithx.i.1	864	18707	54	40
inithx.i.2	645	13979	31	24
inithx.i.3	621	13969	31	56
latin_square_10	900	307350	103	669
le450_15a	450	8168	15	59
le450_15b	450	8169	15	56
le450_15c	450	16680	16	65
le450_15d	450	16750	16	77
le450_25a	450	8260	25	25
le450_25b	450	8263	25	24
le450_25c	450	17343	26	48
le450_25d	450	17425	26	60
le450_5a	450	5714	6	47
le450_5b	450	5734	6	51
le450_5c	450	9803	6	54
le450_5d	450	9757	6	42
mulsol.i.1	197	3925	49	5
mulsol.i.2	188	3885	31	5
mulsol.i.3	184	3916	31	6
mulsol.i.4	185	3946	31	6
mulsol.i.5	186	3973	31	6
school1	385	19095	14	122
school1_nsh	352	14612	14	92
zeroin.i.1	211	4100	49	5
zeroin.i.2	211	3541	30	5
zeroin.i.3	206	3540	30	4
